year month week MaxTemp AverageTemp MinTemp DewPoint Precipitation Wind SeaLevelPressure
2002,1,1,55,42,33,40,0.22,4,30.04
2002,1,2,59,48,37,45,0.22,7,30.18
2002,1,3,46,38,27,35,0.06,6,30.32
2002,1,4,48,40,33,37,0.60,11,30.05
2002,2,1,55,43,30,38,0.23,7,30.24
2002,2,2,59,42,28,35,0.01,6,30.27
2002,2,3,66,52,33,45,0.08,7,30.02
2002,2,4,55,41,26,30,0.00,7,30.39
2002,3,1,63,42,28,36,0.23,7,30.06
2002,3,2,54,43,33,39,0.33,11,30.08
2002,3,3,59,44,30,38,0.05,8,30.07
2002,3,4,60,47,32,40,0.00,5,30.24
2002,4,1,71,51,36,43,0.01,7,30.10
2002,4,2,68,55,39,50,0.20,7,30.08
2002,4,3,57,47,37,40,0.05,7,30.11
2002,4,4,68,48,30,40,0.01,7,30.15
2002,5,1,72,51,34,42,0.00,6,30.12
2002,5,2,68,48,32,39,0.01,5,30.23
2002,5,3,82,53,35,43,0.06,6,30.12
2002,5,4,75,54,33,46,0.17,5,30.00
2002,6,1,77,56,37,46,0.01,6,30.18
2002,6,2,89,61,37,49,0.00,6,30.03
2002,6,3,81,60,42,51,0.04,7,30.05
2002,6,4,91,64,46,55,0.04,5,30.01
2002,7,1,84,63,46,48,0.00,6,30.10
2002,7,2,98,72,52,53,0.00,8,30.03
2002,7,3,87,67,46,52,0.00,7,30.03
2002,7,4,91,70,46,54,0.00,7,30.04
2002,8,1,90,64,43,46,0.00,6,30.17
2002,8,2,104,72,43,47,0.00,6,29.96
2002,8,3,86,64,44,50,0.01,6,30.03
2002,8,4,96,67,44,52,0.00,5,30.07
2002,9,1,87,61,37,46,0.00,5,30.01
2002,9,2,89,65,43,48,0.00,5,29.99
2002,9,3,82,61,44,50,0.07,8,30.04
2002,9,4,87,64,43,44,0.00,5,29.93
2002,10,1,71,54,30,44,0.00,5,30.22
2002,10,2,81,55,30,40,0.00,4,30.03
2002,10,3,66,51,27,44,0.00,4,30.02
2002,10,4,59,41,18,24,0.01,6,30.15
2002,11,1,68,47,21,36,0.47,7,29.78
2002,11,2,61,49,35,45,0.12,7,30.15
2002,11,3,64,48,37,46,0.05,5,30.25
2002,11,4,52,39,26,34,0.02,2,30.28
2002,12,1,50,40,32,34,0.03,4,30.18
2002,12,2,61,46,32,43,0.42,8,29.86
2002,12,3,53,44,35,39,0.48,9,29.65
2002,12,4,53,43,37,41,0.42,8,29.97
2003,1,1,57,48,37,43,0.59,10,29.95
2003,1,2,46,38,32,35,0.03,3,30.14
2003,1,3,51,43,28,41,0.18,5,30.28
2003,1,4,61,47,32,44,0.15,5,30.12
2003,2,1,53,39,24,34,0.01,4,30.31
2003,2,2,59,44,26,39,0.08,4,29.99
2003,2,3,55,47,36,43,0.24,9,30.14
2003,2,4,53,41,26,33,0.06,7,30.00
2003,3,1,55,45,33,42,0.24,9,30.00
2003,3,2,66,54,44,47,0.17,10,29.76
2003,3,3,60,47,37,42,0.24,9,30.05
2003,3,4,68,48,33,42,0.14,5,30.28
2003,4,1,78,47,37,41,0.17,9,29.95
2003,4,2,69,53,39,46,0.18,7,29.97
2003,4,3,64,49,37,42,0.06,7,30.01
2003,4,4,63,48,35,42,0.28,6,29.88
2003,5,1,63,50,37,43,0.06,6,30.06
2003,5,2,73,51,37,45,0.06,5,30.15
2003,5,3,81,58,32,49,0.01,6,30.15
2003,5,4,77,60,45,52,0.01,5,30.03
2003,6,1,91,65,44,52,0.00,7,30.01
2003,6,2,82,59,42,50,0.01,4,29.97
2003,6,3,84,60,39,49,0.01,4,30.01
2003,6,4,96,65,43,50,0.00,7,30.08
2003,7,1,84,63,44,48,0.00,7,30.04
2003,7,2,90,68,46,53,0.00,7,30.04
2003,7,3,93,69,50,51,0.00,5,30.10
2003,7,4,96,70,46,52,0.00,6,30.03
2003,8,1,89,69,51,52,0.01,6,30.02
2003,8,2,93,67,46,51,0.00,6,30.10
2003,8,3,91,68,46,51,0.00,6,30.00
2003,8,4,91,66,46,50,0.00,5,30.04
2003,9,1,97,70,50,50,0.02,6,29.96
2003,9,2,80,62,48,53,0.10,8,30.11
2003,9,3,81,59,42,47,0.01,7,30.08
2003,9,4,97,66,44,49,0.00,6,30.01
2003,10,1,75,56,41,50,0.16,6,30.00
2003,10,2,79,57,43,50,0.07,8,30.09
2003,10,3,80,58,39,51,0.03,6,30.21
2003,10,4,73,46,19,36,0.03,6,30.12
2003,11,1,50,40,30,36,0.18,6,30.05
2003,11,2,55,46,32,43,0.06,5,30.08
2003,11,3,60,44,26,40,0.20,10,30.11
2003,11,4,60,42,27,39,0.36,7,30.09
2003,12,1,57,47,35,44,0.22,6,29.96
2003,12,2,55,41,30,38,0.06,6,30.14
2003,12,3,57,41,28,39,0.27,7,29.98
2003,12,4,44,36,25,34,0.57,9,29.89
2004,1,1,45,34,19,32,0.17,6,30.09
2004,1,2,55,42,30,42,0.05,3,30.09
2004,1,3,55,45,33,42,0.22,7,30.19
2004,1,4,55,45,34,42,0.31,10,30.05
2004,2,1,52,43,33,40,0.10,5,30.09
2004,2,2,54,39,27,34,0.04,4,30.26
2004,2,3,57,46,30,42,0.27,6,29.98
2004,2,4,57,46,37,41,0.15,8,29.77
2004,3,1,57,45,33,41,0.10,7,30.13
2004,3,2,70,51,33,44,0.00,5,30.31
2004,3,3,71,50,33,41,0.02,6,30.23
2004,3,4,66,50,39,43,0.13,8,30.00
2004,4,1,75,52,35,45,0.00,5,30.14
2004,4,2,81,51,37,44,0.11,7,29.96
2004,4,3,64,49,35,42,0.27,8,30.11
2004,4,4,81,57,36,45,0.00,5,30.11
2004,5,1,75,57,37,48,0.13,5,30.05
2004,5,2,70,54,35,46,0.02,4,30.10
2004,5,3,71,57,39,49,0.06,6,30.03
2004,5,4,78,58,42,49,0.04,6,30.00
2004,6,1,70,56,46,50,0.17,6,30.03
2004,6,2,91,63,43,49,0.01,8,30.08
2004,6,3,88,65,51,54,0.00,5,30.06
2004,6,4,84,67,48,52,0.00,6,30.05
2004,7,1,86,64,44,50,0.00,6,30.05
2004,7,2,91,69,44,53,0.00,6,29.98
2004,7,3,102,75,53,54,0.01,6,29.97
2004,7,4,91,70,50,54,0.00,5,29.98
2004,8,1,87,66,46,53,0.01,6,30.00
2004,8,2,97,74,51,54,0.00,6,29.98
2004,8,3,91,71,52,55,0.00,7,30.00
2004,8,4,82,65,48,56,0.11,8,30.00
2004,9,1,91,64,48,53,0.12,5,30.08
2004,9,2,84,64,46,51,0.00,6,30.04
2004,9,3,73,59,48,52,0.15,9,29.93
2004,9,4,75,57,39,49,0.03,3,30.11
2004,10,1,77,60,42,52,0.12,5,30.05
2004,10,2,77,56,39,49,0.00,3,30.12
2004,10,3,63,51,43,47,0.24,7,29.69
2004,10,4,59,48,34,44,0.11,6,29.95
2004,11,1,57,44,28,40,0.16,6,30.29
2004,11,2,54,47,37,44,0.02,3,30.11
2004,11,3,57,43,28,42,0.09,3,30.30
2004,11,4,55,44,28,41,0.06,6,30.21
2004,12,1,48,37,26,36,0.02,5,30.33
2004,12,2,61,48,37,45,0.51,9,29.81
2004,12,3,55,43,35,41,0.03,4,30.35
2004,12,4,51,40,28,37,0.01,5,30.34
2005,1,1,43,35,21,30,0.09,8,29.85
2005,1,2,48,37,26,33,0.05,7,30.15
2005,1,3,66,49,33,44,0.02,6,30.16
2005,1,4,55,45,35,41,0.05,4,29.97
2005,2,1,55,40,32,36,0.01,4,30.34
2005,2,2,51,37,26,35,0.10,5,30.07
2005,2,3,55,41,26,31,0.07,6,30.05
2005,2,4,62,46,30,38,0.00,5,30.01
2005,3,1,73,53,33,44,0.00,5,30.24
2005,3,2,68,50,30,39,0.10,6,29.96
2005,3,3,57,47,37,41,0.18,10,29.89
2005,3,4,66,47,36,41,0.23,9,30.03
2005,4,1,64,48,37,42,0.16,6,29.95
2005,4,2,57,47,33,40,0.11,8,30.11
2005,4,3,70,50,33,44,0.08,5,30.10
2005,4,4,75,57,41,48,0.01,5,30.01
2005,5,1,74,58,42,51,0.10,5,29.97
2005,5,2,77,57,39,50,0.21,5,29.98
2005,5,3,67,55,42,49,0.18,9,29.86
2005,5,4,86,60,40,48,0.07,9,30.04
2005,6,1,78,56,40,47,0.09,7,29.97
2005,6,2,70,58,39,48,0.07,6,29.90
2005,6,3,79,63,45,53,0.06,7,30.00
2005,6,4,85,64,50,54,0.02,7,30.02
2005,7,1,84,65,45,53,0.02,6,30.02
2005,7,2,87,67,49,54,0.00,8,30.06
2005,7,3,96,71,52,52,0.02,9,29.94
2005,7,4,98,71,47,50,0.00,8,30.01
2005,8,1,97,70,45,50,0.00,7,30.02
2005,8,2,94,69,44,51,0.00,7,30.02
2005,8,3,96,70,47,51,0.00,6,29.94
2005,8,4,94,67,45,47,0.00,7,29.99
2005,9,1,88,65,48,50,0.06,7,30.03
2005,9,2,86,63,45,47,0.01,7,30.03
2005,9,3,80,60,42,48,0.03,5,30.06
2005,9,4,78,57,35,41,0.00,7,30.11
2005,10,1,71,54,39,46,0.12,6,30.03
2005,10,2,72,56,38,48,0.04,7,30.04
2005,10,3,68,56,43,50,0.02,5,30.07
2005,10,4,63,52,32,47,0.18,6,30.00
2005,11,1,63,49,37,46,0.41,10,30.01
2005,11,2,58,43,31,41,0.11,6,30.11
2005,11,3,57,43,30,40,0.05,4,30.37
2005,11,4,52,39,31,36,0.26,4,30.15
2005,12,1,43,35,23,30,0.01,6,30.37
2005,12,2,41,29,20,26,0.00,3,30.17
2005,12,3,60,44,25,41,0.67,7,29.94
2005,12,4,58,49,38,46,0.84,10,29.68
2006,1,1,57,44,33,41,0.35,8,29.91
2006,1,2,55,47,36,44,0.47,10,29.95
2006,1,3,53,44,31,41,0.66,9,30.14
2006,1,4,48,41,32,38,0.29,8,30.15
2006,2,1,60,47,34,43,0.49,12,29.95
2006,2,2,58,43,29,34,0.00,7,30.32
2006,2,3,57,37,22,28,0.01,7,30.28
2006,2,4,54,38,18,29,0.00,6,30.29
2006,3,1,58,42,27,35,0.21,9,29.83
2006,3,2,52,43,28,35,0.07,9,29.95
2006,3,3,66,46,32,40,0.17,7,29.91
2006,3,4,62,46,33,41,0.17,7,29.85
2006,4,1,63,50,33,43,0.04,7,29.87
2006,4,2,68,50,37,44,0.21,7,29.85
2006,4,3,68,48,33,40,0.02,7,30.09
2006,4,4,77,55,35,45,0.00,5,30.11
2006,5,1,75,52,33,40,0.00,8,30.15
2006,5,2,72,51,32,42,0.02,6,30.18
2006,5,3,87,63,39,51,0.04,5,29.96
2006,5,4,72,55,42,49,0.33,6,29.91
2006,6,1,72,60,46,52,0.01,5,30.04
2006,6,2,79,61,48,52,0.01,6,30.03
2006,6,3,88,59,42,48,0.00,8,30.23
2006,6,4,97,71,50,53,0.00,5,30.00
2006,7,1,91,65,42,50,0.00,5,30.12
2006,7,2,90,67,50,54,0.01,5,30.01
2006,7,3,100,72,46,52,0.01,6,30.07
2006,7,4,105,73,47,54,0.00,7,29.93
2006,8,1,88,64,44,47,0.00,7,30.03
2006,8,2,90,67,43,50,0.00,8,30.04
2006,8,3,94,66,42,49,0.00,6,30.02
2006,8,4,93,65,46,50,0.00,8,30.02
2006,9,1,89,65,39,48,0.00,5,29.99
2006,9,2,85,60,42,45,0.01,7,30.03
2006,9,3,79,57,37,47,0.07,8,30.14
2006,9,4,86,64,40,47,0.00,5,30.04
2006,10,1,74,54,37,43,0.00,3,30.07
2006,10,2,79,55,33,38,0.00,7,30.03
2006,10,3,70,53,37,46,0.10,7,30.09
2006,10,4,72,47,28,37,0.00,4,30.27
2006,11,1,70,53,38,48,0.93,10,30.02
2006,11,2,58,46,33,41,0.20,7,29.99
2006,11,3,57,45,35,42,0.72,9,30.00
2006,11,4,49,38,26,35,0.11,8,30.25
2006,12,1,55,38,24,35,0.01,3,30.13
2006,12,2,58,45,26,41,0.46,12,29.99
2006,12,3,52,37,24,34,0.11,5,30.24
2006,12,4,57,40,28,37,0.60,6,30.14
2007,1,1,56,42,32,39,0.54,8,30.24
2007,1,2,57,39,17,33,0.02,8,30.37
2007,1,3,50,34,20,31,0.11,5,30.44
2007,1,4,57,40,27,33,0.00,5,30.27
2007,2,1,51,36,20,28,0.00,4,30.20
2007,2,2,63,45,31,40,0.11,4,30.02
2007,2,3,64,49,36,44,0.26,8,30.23
2007,2,4,50,42,32,38,0.20,10,29.94
2007,3,1,67,51,37,43,0.10,7,30.12
2007,3,2,73,52,30,43,0.01,6,30.22
2007,3,3,67,50,28,43,0.06,7,30.10
2007,3,4,69,46,29,39,0.09,7,30.20
2007,4,1,76,50,29,41,0.03,5,30.07
2007,4,2,68,48,35,41,0.19,8,30.07
2007,4,3,62,45,31,38,0.12,6,30.07
2007,4,4,71,53,35,45,0.00,4,30.18
2007,5,1,64,49,34,41,0.16,6,30.05
2007,5,2,79,55,34,45,0.00,6,30.15
2007,5,3,71,54,34,44,0.01,7,30.12
2007,5,4,75,55,32,46,0.03,4,30.09
2007,6,1,84,58,39,48,0.06,6,30.00
2007,6,2,79,58,37,47,0.00,5,30.11
2007,6,3,83,60,34,46,0.00,6,30.11
2007,6,4,85,60,37,47,0.02,6,30.09
2007,7,1,91,68,49,52,0.00,6,30.09
2007,7,2,101,71,48,53,0.00,8,29.98
2007,7,3,83,67,54,55,0.09,5,29.93
2007,7,4,88,69,47,54,0.00,6,30.03
2007,8,1,83,63,41,50,0.00,6,30.01
2007,8,2,90,66,41,51,0.00,6,29.99
2007,8,3,87,66,48,56,0.10,6,29.97
2007,8,4,93,68,47,50,0.00,7,29.99
2007,9,1,87,65,43,52,0.02,9,30.04
2007,9,2,94,64,45,47,0.00,6,30.02
2007,9,3,75,58,41,46,0.02,7,30.04
2007,9,4,80,54,32,43,0.06,6,30.08
2007,10,1,63,52,41,47,0.45,7,30.06
2007,10,2,68,53,40,49,0.05,5,29.94
2007,10,3,69,53,43,48,0.51,9,29.84
2007,10,4,75,51,29,42,0.02,7,30.33
2007,11,1,63,46,31,44,0.03,3,30.08
2007,11,2,60,49,28,45,0.36,7,30.04
2007,11,3,49,38,21,34,0.34,6,30.25
2007,11,4,48,37,21,34,0.12,6,30.19
2007,12,1,61,47,27,44,0.39,9,30.03
2007,12,2,48,36,24,34,0.01,4,30.33
2007,12,3,51,41,28,38,0.33,9,29.99
2007,12,4,54,40,28,37,0.26,9,30.22
2008,1,1,53,42,31,40,0.25,10,29.97
2008,1,2,50,37,27,33,0.03,4,30.45
2008,1,3,45,31,18,25,0.17,7,30.01
2008,1,4,44,37,26,35,0.51,11,29.86
2008,2,1,57,42,34,38,0.12,8,30.21
2008,2,2,59,43,28,37,0.00,4,30.31
2008,2,3,55,42,27,36,0.02,4,29.98
2008,2,4,61,46,31,40,0.11,5,30.15
2008,3,1,59,43,29,37,0.06,6,30.34
2008,3,2,66,48,34,41,0.20,8,30.11
2008,3,3,54,44,31,39,0.17,7,30.30
2008,3,4,54,42,28,36,0.23,8,30.17
2008,4,1,62,42,27,34,0.04,7,30.18
2008,4,2,84,49,33,41,0.03,7,30.19
2008,4,3,67,46,31,38,0.03,6,30.18
2008,4,4,68,46,32,39,0.10,9,30.14
2008,5,1,71,51,33,42,0.00,5,30.12
2008,5,2,95,62,37,51,0.00,6,30.18
2008,5,3,84,57,41,48,0.07,5,29.96
2008,5,4,70,57,43,50,0.01,5,30.04
2008,6,1,67,53,38,46,0.10,6,30.10
2008,6,2,77,54,34,44,0.00,8,30.20
2008,6,3,87,60,39,47,0.00,5,30.13
2008,6,4,97,62,37,49,0.00,6,30.10
2008,7,1,90,69,47,53,0.00,7,29.96
2008,7,2,96,70,47,48,0.00,11,30.06
2008,7,3,97,70,45,48,0.00,8,30.03
2008,7,4,87,64,44,48,0.01,6,30.04
2008,8,1,94,68,44,52,0.01,8,29.97
2008,8,2,100,74,44,55,0.00,6,29.96
2008,8,3,87,66,47,55,0.04,7,29.89
2008,8,4,87,65,43,53,0.11,7,30.02
2008,9,1,84,61,38,48,0.03,7,30.13
2008,9,2,90,66,40,46,0.00,7,29.92
2008,9,3,89,63,44,49,0.00,5,29.99
2008,9,4,73,57,37,47,0.03,4,30.10
2008,10,1,79,52,28,43,0.02,6,30.22
2008,10,2,70,52,32,44,0.00,5,30.30
2008,10,3,65,48,30,40,0.01,6,30.29
2008,10,4,74,53,35,46,0.06,3,30.04
2008,11,1,62,52,41,48,0.46,9,29.99
2008,11,2,65,50,34,47,0.18,7,30.19
2008,11,3,70,47,30,43,0.09,5,30.19
2008,11,4,63,44,32,41,0.00,5,30.20
2008,12,1,59,45,26,41,0.02,6,30.25
2008,12,2,50,38,26,37,0.14,6,30.17
2008,12,3,43,28,10,26,0.20,9,30.00
2008,12,4,50,38,30,37,0.25,9,29.84
2009,1,1,57,43,24,40,0.10,9,30.25
2009,1,2,54,40,25,38,0.01,4,30.49
2009,1,3,47,35,21,30,0.01,2,30.23
2009,1,4,51,37,23,33,0.06,6,30.44
2009,2,1,55,40,23,36,0.06,4,30.11
2009,2,2,49,38,26,34,0.06,7,29.92
2009,2,3,47,43,27,37,0.05,5,29.97
2009,2,4,56,44,31,40,0.63,7,30.00
2009,3,1,59,43,30,38,0.14,6,29.94
2009,3,2,63,39,24,32,0.05,8,30.16
2009,3,3,60,48,36,42,0.25,7,30.03
2009,3,4,62,46,31,40,0.04,8,30.25
2009,4,1,72,50,31,42,0.02,5,30.00
2009,4,2,64,47,30,40,0.08,6,30.26
2009,4,3,77,52,32,41,0.00,5,30.15
2009,4,4,67,50,34,43,0.24,5,30.07
2009,5,1,66,52,34,46,0.22,8,30.07
2009,5,2,77,53,35,45,0.07,7,30.11
2009,5,3,81,55,33,47,0.01,6,30.07
2009,5,4,86,61,37,50,0.00,5,30.04
2009,6,1,81,64,48,55,0.06,6,29.92
2009,6,2,77,62,47,51,0.28,5,29.94
2009,6,3,78,64,49,53,0.00,6,29.97
2009,6,4,84,60,39,47,0.01,8,30.08
2009,7,1,83,64,44,50,0.01,8,30.05
2009,7,2,93,67,45,53,0.12,5,30.12
2009,7,3,93,70,50,53,0.00,8,30.03
2009,7,4,106,78,54,58,0.00,7,29.91
2009,8,1,90,67,46,53,0.00,7,30.03
2009,8,2,88,66,46,53,0.01,6,30.11
2009,8,3,101,70,47,52,0.00,8,29.99
2009,8,4,93,65,41,49,0.01,6,30.06
2009,9,1,92,65,44,52,0.02,6,30.01
2009,9,2,84,63,41,53,0.02,5,30.01
2009,9,3,89,62,40,46,0.00,7,30.14
2009,9,4,76,55,38,46,0.06,6,30.07
2009,10,1,69,50,29,40,0.01,4,30.01
2009,10,2,77,55,30,45,0.13,6,29.79
2009,10,3,65,54,41,49,0.13,4,30.11
2009,10,4,66,50,36,47,0.14,7,30.20
2009,11,1,61,48,32,41,0.19,6,30.08
2009,11,2,58,44,32,41,0.15,7,30.07
2009,11,3,60,47,32,38,0.27,12,29.96
2009,11,4,60,44,31,39,0.23,6,30.22
2009,12,1,37,24,7,14,0.03,6,30.00
2009,12,2,60,46,28,43,0.35,6,30.03
2009,12,3,62,38,26,34,0.14,6,30.11
2009,12,4,54,41,27,37,0.37,7,30.11
2010,1,1,57,45,34,43,0.16,4,30.13
2010,1,2,58,48,39,43,0.37,6,29.94
2010,1,3,58,45,30,39,0.11,7,29.29
2010,1,4,54,45,36,41,0.10,3,29.98
2010,2,1,62,47,39,43,0.19,4,29.80
2010,2,2,59,46,33,42,0.16,6,30.00
2010,2,3,61,46,29,40,0.10,5,30.07
2010,2,4,60,46,26,39,0.31,5,29.94
2010,3,1,61,48,34,42,0.07,5,29.94
2010,3,2,56,43,28,36,0.17,9,30.03
2010,3,3,68,47,30,38,0.00,6,30.26
2010,3,4,69,49,34,42,0.26,7,30.12
2010,4,1,66,46,29,37,0.21,9,30.04
2010,4,2,68,52,34,43,0.10,6,29.95
2010,4,3,71,52,35,43,0.12,5,30.01
2010,4,4,65,50,34,42,0.22,8,29.99
2010,5,1,68,49,32,40,0.06,6,30.24
2010,5,2,75,54,38,46,0.03,4,30.08
2010,5,3,74,54,40,46,0.23,8,29.96
2010,5,4,64,53,36,45,0.34,5,30.02
2010,6,1,77,59,45,51,0.08,6,30.12
2010,6,2,78,57,40,47,0.05,5,30.16
2010,6,3,80,61,45,52,0.01,4,30.11
2010,6,4,83,61,46,50,0.00,6,30.05
2010,7,1,97,69,44,53,0.00,8,30.01
2010,7,2,90,67,45,51,0.00,8,30.06
2010,7,3,95,66,45,52,0.00,7,30.04
2010,7,4,93,69,47,52,0.00,5,29.96
2010,8,1,89,68,50,54,0.00,4,29.99
2010,8,2,101,69,47,53,0.00,6,29.92
2010,8,3,95,67,46,51,0.00,7,29.93
2010,8,4,97,65,43,46,0.00,7,30.02
2010,9,1,75,58,41,48,0.09,4,30.02
2010,9,2,81,64,43,56,0.14,4,29.95
2010,9,3,82,61,45,52,0.03,5,29.96
2010,9,4,86,65,46,57,0.00,5,30.00
2010,10,1,75,58,38,49,0.06,5,30.12
2010,10,2,72,53,35,44,0.06,5,30.24
2010,10,3,71,53,34,43,0.21,5,30.00
2010,10,4,59,49,33,45,0.50,7,29.93
2010,11,1,69,54,40,50,0.15,4,30.09
2010,11,2,56,45,34,42,0.12,6,30.23
2010,11,3,59,47,37,43,0.28,8,30.06
2010,11,4,50,37,25,33,0.26,6,30.01
2010,12,1,58,46,34,42,0.36,6,30.05
2010,12,2,60,44,29,40,0.36,8,29.86
2010,12,3,51,44,35,39,0.10,7,29.69
2010,12,4,50,40,28,36,0.40,9,29.93
2011,1,1,51,35,23,30,0.02,4,30.25
2011,1,2,58,43,24,41,0.30,7,30.19
2011,1,3,58,45,33,42,0.11,7,30.29
2011,1,4,62,45,31,39,0.00,4,30.20
2011,2,1,60,43,23,36,0.00,5,30.45
2011,2,2,60,42,25,37,0.08,6,30.34
2011,2,3,57,42,29,37,0.49,8,29.77
2011,2,4,52,36,19,29,0.06,8,30.06
2011,3,1,58,45,33,39,0.39,10,29.99
2011,3,2,61,46,33,41,0.26,9,30.03
2011,3,3,65,46,32,39,0.29,10,29.90
2011,3,4,57,45,34,38,0.12,8,29.65
2011,4,1,58,46,32,37,0.07,7,30.10
2011,4,2,62,49,32,41,0.19,8,30.15
2011,4,3,66,46,31,35,0.00,6,30.07
2011,4,4,60,49,39,41,0.13,9,30.18
2011,5,1,68,51,33,42,0.02,7,30.22
2011,5,2,68,51,36,43,0.09,5,30.04
2011,5,3,72,54,36,43,0.02,4,29.96
2011,5,4,70,53,39,44,0.17,5,30.02
2011,6,1,73,59,40,49,0.00,5,30.06
2011,6,2,75,58,37,48,0.04,5,30.09
2011,6,3,81,61,43,50,0.00,4,30.04
2011,6,4,83,63,42,50,0.03,6,29.95
2011,7,1,88,63,43,50,0.00,7,30.07
2011,7,2,81,63,47,51,0.06,6,29.93
2011,7,3,86,64,47,53,0.12,6,30.02
2011,7,4,90,68,51,53,0.00,8,30.04
2011,8,1,86,69,50,54,0.00,5,30.00
2011,8,2,85,64,44,50,0.00,4,30.03
2011,8,3,93,67,44,49,0.00,6,30.02
2011,8,4,92,74,54,57,0.00,7,29.96
2011,9,1,94,72,47,50,0.00,5,29.99
2011,9,2,83,64,42,51,0.00,5,30.04
2011,9,3,88,68,44,53,0.00,5,30.03
2011,9,4,84,61,40,49,0.02,7,30.00
2011,10,1,68,55,40,49,0.10,6,29.93
2011,10,2,66,57,45,50,0.12,6,30.00
2011,10,3,70,56,37,48,0.00,5,30.17
2011,10,4,69,50,27,41,0.00,5,30.25
2011,11,1,67,47,26,40,0.09,5,30.11
2011,11,2,60,46,30,40,0.02,4,30.09
2011,11,3,54,45,32,41,0.21,7,30.00
2011,11,4,60,46,32,41,0.36,9,29.96
2011,12,1,43,34,27,31,0.00,4,30.38
2011,12,2,50,37,20,32,0.02,5,30.21
2011,12,3,57,39,26,33,0.01,5,30.43
2011,12,4,57,45,30,41,0.81,8,30.17


























